4.9431 42.7481 -117.397
2.9978499 43.759499 -105.91
8.9660702 32.6264 -170.69501
6.61409 20.4403 -154.789
8.8295603 34.119499 -177.91701
11.4254 34.673901 -186.317
12.1515 33.450802 -194.103
13.6896 36.9613 -199.81799
15.5617 35.9837 -213.884
16.955 45.777 -227.29201
15.8084 38.8992 -221.60699
29.054804 41.002155 -186.76576
-8.688488 44.716988 -190.54941
24.676321 41.905792 -162.04807
-8.7962084 44.718426 -164.0435
22.489765 54.434708 -129.97141
46.602077 59.349323 -129.19008
-9.1794996 58.1642 -131.543
-33.339199 69.0867 -138.10699
35.692799 48.763599 -111.291
-25.513 56.3372 -119.189
54.5051 65.6259 -111.431
-43.889801 80.152 -122.071
42.7029 54.618698 -101.317
-32.476299 60.920399 -106.711
71.646896 95.1437 -147.758
-49.860619 106.59987 -144.86531
-35.439499 116.797 -201.395
66.649101 105.061 -193.42101
-44.798401 125.859 -178.35899
73.7276 113.53 -168.79601
