51.378502 57.523399 -111.133
-23.485201 51.936298 -113.699
63.233799 67.226303 -121.527
-38.5574 68.227798 -125.265
-3.9293699 51.7384 -137.709
28.555201 54.327702 -137.711
42.779701 49.982101 -120.184
-17.6521 47.8624 -123.681
-25.704882 55.673786 -138.30109
48.52832 59.777626 -141.63187
11.6902 40.981899 -113.367
12.1625 41.565899 -123.816
12.3845 21.1413 -160.172
-8.0349302 43.883801 -165.31799
27.979078 44.168716 -166.86159
30.19471 47.346691 -194.96999
-9.2447252 44.496124 -194.33229
11.7036 35.520699 -193.33099
10.7245 34.781399 -174.996
11.2312 34.936798 -182.882
11.5834 37.020699 -202.30099
12.3319 44.5606 -226.08299
