7.45717 36.230598 -118.255
7.0289001 37.6646 -104.619
-49.816898 139.27901 -161.089
89.122704 111.14 -169.606
1.43528 10.564 -156.993
1.4881099 21.725201 -175.606
2.236717 21.067268 -195.70972
2.4335425 25.341419 -201.79677
2.638128 25.864162 -218.55931
1.4197074 28.981575 -221.58521
24.646021 31.552956 -206.66988
21.468391 31.189529 -169.39748
-23.788099 53.537701 -115.451
63.905899 53.213001 -122.623
53.536999 43.207298 -108.307
-42.599701 116.321 -204.961
2.6720924 32.861725 -233.77725
2.5642002 39.342613 -249.42845
53.497288 48.458378 -135.97963
-8.8011799 53.4664 -130.841
78.3106 79.377502 -162.58299
3.9390593 45.798119 -252.67253
-35.222099 66.283699 -133.12
-50.723202 101.272 -158.603
-20.789965 40.737816 -206.28409
-15.230251 37.064358 -168.77614
-42.868099 77.5485 -117.691
-30.0585 56.560299 -101.99
25.1415 46.019699 -133.713
68.799004 95.364304 -211.843
41.067501 40.2668 -116.673
