86.467499 130.888 -153.519
81.243202 127.751 -170.373
-55.114201 147.05316 -156.17915
-49.323502 140.53799 -175.25301
-40.753601 124.802 -202.31
71.702301 115.016 -196.91299
49.623199 57.237701 -97.499001
-34.7771 62.7981 -101.832
61.862099 67.796097 -109.698
-47.785801 81.839699 -117.466
-13.444099 62.681679 -125.93378
25.8871 57.286999 -125.902
40.342201 52.316601 -107.154
-27.518999 60.138901 -114.009
-37.918999 71.667503 -132.541
54.227962 62.690407 -125.48613
4.0443201 47.2188 -101.539
5.8108602 46.517399 -112.623
6.68226 23.0376 -151.257
-12.2672 48.847099 -162.57001
27.393154 44.146015 -161.51668
33.135086 48.338898 -196.40796
-13.783607 52.181648 -196.1949
10.5547 40.3465 -195.159
7.655201 33.339054 -168.21834
9.4357414 34.291943 -185.21437
12.7373 39.173801 -206.69501
14.8036 48.0844 -233.698
