9.6886797 42.991901 -106.889
11.7703 43.823799 -236.8
12.272 50.5499 -242.2
11.2016 41.791801 -230.192
27.1353 56.464199 -132.00101
82.012703 123.226 -153.411
-52.285374 125.51667 -155.59355
10.7633 42.584599 -117.613
7.4830079 32.067642 -170.02699
-31.7642 66.550598 -136.006
10.643 18.015499 -155.521
7.9313455 32.397373 -183.46513
10.8553 38.355701 -195.00301
10.0908 37.005299 -206.508
28.153839 46.311951 -192.58353
24.394169 41.912678 -164.83736
-4.6791263 41.359894 -165.97945
51.02195 59.94281 -132.65973
-4.1058989 55.86414 -133.2657
51.0737 53.869099 -107.693
-26.710501 53.625198 -110.734
63.828899 64.708199 -118.215
-42.7183 72.684196 -121.238
42.5783 49.239601 -115.709
-20.1849 51.305599 -121.238
11.7815 41.963402 -212.465
78.782204 92.5168 -155.354
-54.658298 101.896 -158.705
69.511597 107.859 -197.812
-42.514801 115.117 -197.673
