9.6090355 35.553219 -171.09935
8.0302896 26.7253 -160.263
8.7988997 42.899399 -121.843
24.746983 44.656776 -164.49072
-6.6665692 43.90271 -167.07419
9.7782803 38.173302 -181.823
11.9053 39.074001 -190.655
12.8999 39.220901 -200.03101
56.0709 60.510601 -133.64
25.305099 52.443401 -134.91
-4.23001 53.3111 -135.502
38.302399 48.6329 -118.092
-17.816 47.768299 -122.491
-23.7384 48.180698 -112.81
47.7771 52.377899 -108.05
60.8629 61.4739 -116.789
32.565994 45.562618 -191.37105
7.38796 40.948101 -111.264
