13.3241 42.954399 -224.536
13.5459 52.041401 -238.577
7.68325 38.0284 -109.18
85.361603 118.512 -152.845
-49.808937 133.04553 -151.37506
8.94067 37.886501 -120.016
10.3199 36.840801 -178.645
11.472 42.739799 -193.957
12.0375 41.226601 -203.576
33.003868 48.95903 -191.52402
-11.902087 54.411377 -192.83841
9.9252396 34.8097 -171.07401
7.9973502 20.310699 -155.366
26.923723 40.622723 -162.07076
-9.7248297 46.008999 -160.88
24.737354 49.587105 -133.45107
52.333622 53.947441 -134.13858
-5.2831001 53.866501 -132.79201
-31.4937 64.460899 -136.11
48.996201 45.5061 -108.198
-27.347099 52.593201 -108.106
-41.635899 73.2817 -119.127
61.519001 56.423901 -117.868
79.838303 88.904404 -153.80099
-51.389423 102.65251 -147.3606
-48.545101 131.745 -171.028
82.4944 116.524 -171.91499
40.632301 40.613098 -118.546
-21.5576 48.933701 -120.445
12.9587 43.360298 -208.65401
12.6516 45.526501 -233.164
75.7239 108.686 -199.097
-43.886398 121.265 -199.118
