8.3077698 46.5205 -106.498
9.9110804 39.1982 -206.405
21.195129 43.367508 -166.96162
-33.045601 68.510399 -136.026
40.242298 52.603298 -115.652
49.0359 57.176201 -107.116
8.4195004 19.8934 -155.838
5.3983164 33.78088 -171.18744
6.37568 35.120899 -180.707
12.1719 54.943802 -243.13499
-21.7012 55.226398 -120.152
61.5868 67.394997 -118.266
11.3052 48.2785 -237.37801
-6.3215799 59.952301 -132.123
72.242302 118.336 -177.72099
78.823799 123.997 -156.05901
8.4257898 45.812698 -117.345
9.1728601 40.920601 -194.94901
25.0084 59.113098 -133.033
50.245571 62.871555 -133.53902
65.686897 108.978 -198.937
10.3559 44.494499 -212.925
10.2952 45.8992 -228.53999
-6.7790298 45.333801 -165.16
-29.299801 58.059601 -109.146
75.960899 95.491302 -155.72701
-44.951599 76.623901 -122.08
