10.2816 26.265499 -161.66901
9.08109 36.551899 -181.50999
11.7636 44.631802 -205.033
9.0300903 42.596401 -126.038
10.7161 38.680698 -191.40199
8.5190802 37.7089 -175.351
9.0300903 42.701698 -114.933
11.8146 39.160801 -200.045
12.8366 47.765499 -224.806
12.3256 43.416302 -217.36099
13.3222 54.908699 -228.576
31.027464 47.742035 -191.59584
-8.9237986 47.184292 -191.78545
22.8508 39.5905 -165.49699
-8.6737099 47.024799 -165.56799
23.8218 54.204498 -138.48801
46.14341 58.661514 -140.26024
-5.4291601 54.4743 -139.724
-29.8006 64.170403 -141.05
37.106098 50.0648 -122.407
-18.6369 50.618198 -126.114
56.266399 66.808502 -121.332
-37.055698 73.073097 -126.327
44.2337 55.1908 -112.583
-24.7425 54.5299 -115.045
