5.8474698 30.8172 -120.739
20.8804 29.292101 -169.054
7.5479298 30.888 -132.47099
5.28124 14.9911 -164.578
-11.9476 38.534401 -168.168
22.217899 40.3932 -146.713
4.6799312 24.647053 -175.59601
51.197079 44.690372 -147.01625
-10.637243 45.122356 -143.20787
-34.316002 57.572201 -146.942
38.482399 32.258202 -129.724
-23.638399 42.254299 -130.631
47.947201 37.958199 -119.933
-28.4862 46.817902 -117.152
60.062599 48.099701 -128.842
-43.2257 66.239799 -128.905
-46.936298 121.002 -179.978
74.437561 103.30711 -187.10568
76.767403 81.027298 -160.556
-51.486401 97.743401 -158.953
