25.9331 40.569401 -165.27299
12.3797 43.521999 -198.44501
48.270451 57.841633 -132.01253
24.0194 53.497799 -133.08
-4.9702501 56.095501 -133.957
8.6346302 41.6259 -121.432
9.2965803 38.8214 -175.481
-28.199541 62.573788 -135.16241
9.9585304 22.221001 -161.98399
38.2141 46.332401 -116.249
46.822102 51.955002 -106.657
-24.710501 52.929199 -106.458
-38.9464 71.6259 -118.119
-9.9075756 49.399731 -190.52191
-10.4746 48.304298 -163.694
11.1485 41.258301 -190.464
-19.1444 50.597401 -119.599
58.502998 64.471298 -115.359
37.613998 56.672501 -191.53799
8.0138798 40.348999 -109.027
