9.7939396 44.951599 -121.21
9.5763798 45.6628 -109.738
10.8064 37.906399 -174.62801
11.3631 28.2279 -159.714
11.0288 37.675701 -180.974
11.6924 37.220798 -189.28999
11.6941 36.314098 -199.14799
11.5915 38.600399 -204.953
11.2601 38.318901 -218.455
9.9924097 41.807098 -231.53999
10.6232 39.5793 -226.142
-15.7274 49.178101 -192.33299
25.870501 40.504299 -164.23801
-6.6581001 47.603001 -163.968
22.015699 52.113602 -133.55701
-5.0939202 56.499802 -135.033
-30.104 66.457703 -136.692
35.9314 48.084801 -118.504
-18.5441 55.046299 -120.475
-40.9827 73.612701 -121.833
-24.5667 58.3447 -110.028
