10.3342 47.360001 -215.73
10.049 49.6278 -230.48399
10.932 52.386902 -238.77
11.5399 59.058498 -243.82201
78.557098 124.438 -152.65601
7.6128001 40.814201 -120.799
7.4195499 40.713699 -110.104
7.3955641 17.7059 -161.08911
6.8162746 33.496906 -175.67358
10.0071 41.052399 -210.26401
7.3993902 34.535801 -184.82401
28.352997 46.215408 -195.37401
23.024746 44.293228 -169.38287
-8.4087334 46.576694 -172.91518
24.2451 56.125099 -135.121
-7.4511299 57.453201 -135.76199
54.241299 63.658199 -136.089
-33.5247 66.860199 -139.03999
39.3526 48.556499 -119.132
-22.5765 50.518902 -124.284
74.803001 94.9757 -153.729
71.928398 120.681 -175.09399
60.405899 63.553398 -119.461
-45.515099 71.8787 -124.508
-29.370501 51.774101 -113.701
65.677696 112.618 -195.802
48.084499 52.3377 -109.604
8.9356899 41.25 -198.564
