14.328712 31.761309 -171.56276
14.1735 22.6173 -159.33
13.6602 39.717999 -122.57
28.0895 40.8242 -163.311
-3.34097 44.827702 -162.86301
14.7292 37.306198 -181.159
15.2918 39.5215 -189.683
15.2802 40.558899 -199.786
50.368874 63.380104 -137.26355
28.5142 53.696499 -135.737
-1.96817 52.582401 -135.81599
-26.349899 58.434399 -136.645
41.675499 49.5928 -120.13
-15.2917 45.804199 -121.911
-21.943701 47.4664 -110.065
50.453899 54.3825 -110.897
-36.612701 66.056801 -121.266
60.1684 66.972702 -119.825
-4.3511734 47.912853 -188.47488
34.219067 50.306602 -187.35941
13.1009 37.206299 -111.159
