76.139816 106.08625 -157.75377
-49.801773 123.2445 -154.07561
7.10992 34.7785 -119.291
6.3645501 35.4217 -108.514
5.1069899 17.069799 -153.55499
6.2040801 29.9433 -169.186
6.3492198 30.933901 -176.299
9.8307199 33.1856 -197.16
9.7445297 34.565102 -188.323
10.3484 34.8619 -201.754
11.7602 32.111099 -217.39
11.608 35.341202 -225.57401
12.561 41.275101 -229.657
26.070377 39.726692 -187.93758
-12.859633 45.041042 -189.53398
22.207657 35.71859 -162.02264
-10.556 39.811699 -159.842
20.707399 44.466 -133.547
47.683907 48.965351 -135.68292
-6.9769659 48.179638 -132.96677
-30.505316 56.93206 -134.53862
37.350399 36.886299 -117.528
-22.498199 45.619701 -118.944
57.041199 53.6875 -119.382
-40.8592 69.611 -119.415
44.7304 42.990501 -108.789
72.013618 82.129028 -148.43939
66.3349 99.400101 -197.668
-41.076401 111.264 -197.957
-49.782501 93.096313 -147.05864
71.659935 102.95776 -176.82748
-27.6054 50.674702 -106.145
-47.235802 117.756 -171.679
