2.7056999 43.101799 -108.833
1.7741801 44.167099 -98.216003
81.3153 118.305 -142.252
4.9563498 15.7832 -146.82001
5.8896399 31.3403 -163.911
5.8092098 31.3188 -171.629
9.4533396 35.994801 -185.80701
11.4247 34.677799 -197.29601
12.6032 40.034199 -203.57201
29.576117 41.77359 -182.11044
21.413372 39.851097 -155.31732
-26.212099 53.576 -115.864
56.548901 62.294701 -105.668
42.804699 53.195801 -95.6679
13.4047 40.758701 -218.614
15.0648 42.611401 -227.05299
47.012093 58.382797 -121.61781
-9.1230288 56.720867 -125.33003
75.988602 89.001999 -141.842
16.4743 48.858898 -232.455
-35.270901 68.590202 -132.924
-7.9574199 42.616001 -156.558
-47.951698 76.309303 -119.83
-33.551201 56.2206 -106.352
20.4916 56.056499 -122.531
71.078697 102.333 -185.842
34.614201 48.8894 -105.251
