12.0863 38.651501 -111.69
25.248699 37.611401 -163.85001
12.6399 40.541199 -122.075
9.9788799 22.255899 -158.209
-7.52071 40.927399 -162.91499
22.663252 47.745586 -132.14944
11.6859 33.1982 -176.16299
10.6146 34.095699 -184.8
12.0507 33.007099 -195.396
10.8223 35.284 -203.476
36.977299 46.790001 -197.882
57.487099 63.603901 -138.39301
-3.94592 50.356201 -135.201
-27.0072 55.8316 -137.70399
42.7062 48.483101 -122.664
-16.2756 42.340099 -124.428
51.678501 53.271 -113.1
-22.0991 44.1693 -113.35
64.718201 63.9268 -121.845
