22.088766 38.263966 -161.24973
7.39078 33.275299 -187.68401
46.176178 49.185074 -139.43335
19.813101 45.7799 -138.103
77.535347 108.39114 -159.3035
-48.707779 125.16621 -156.61673
-9.0796947 50.163258 -136.77214
5.9527702 35.625702 -125.121
5.3080802 31.905001 -168.187
-32.05584 59.887012 -137.15157
3.81072 18.9044 -154.414
35.516499 37.654202 -126.542
44.518398 44.038502 -115.58
-28.5966 52.163898 -113.979
-42.1936 71.764099 -124.504
-14.508077 46.657864 -180.6927
72.735603 84.707397 -155.03799
-50.163979 95.76902 -149.36598
-12.6425 42.549099 -159.44501
7.23347 34.6674 -179.82899
-46.731602 120.55 -173.084
73.858498 105.849 -175.308
-23.437599 46.5933 -126.791
56.087299 53.289299 -125.082
26.500166 41.854462 -181.50841
5.3537898 36.823101 -113.802
