7.2109799 36.827801 -197.882
6.22123 35.752102 -207.32899
-49.720497 117.98132 -158.60303
6.2729998 37.530499 -215.901
7.7016702 42.739498 -220.967
65.008965 107.73914 -156.72664
3.5341599 39.145802 -125.48
3.29458 40.962399 -113.311
2.45842 22.026501 -154.661
3.9951999 32.864399 -168.925
6.5055299 35.423302 -192.30499
3.48649 34.210701 -174.70399
-15.409147 47.064373 -184.69196
26.242533 43.953453 -183.54913
18.933977 40.381943 -161.60619
-13.1807 42.958599 -161.097
16.64455 48.185131 -138.14851
-9.0210695 51.226601 -139.241
38.418907 53.398209 -139.22821
-31.266438 59.143261 -140.33607
31.0112 42.250599 -121.527
-25.072201 47.935299 -126.799
60.420986 80.024345 -155.48071
-42.473 108.661 -195.496
62.361198 105.233 -170.399
49.172798 62.700001 -123.18
-42.519501 72.718597 -126.949
-30.018101 55.040798 -113.823
-49.659901 92.253716 -150.89125
57.035801 99.083504 -194.772
-47.500198 113.564 -172.649
38.8722 51.836899 -114.213
6.17693 36.724602 -183.226
