7.9548802 44.5364 -109.68
17.560699 45.805901 -227.651
19.830601 53.232399 -232.258
17.3288 42.1609 -218.909
27.55464 55.569862 -134.74239
81.002266 123.97185 -157.51086
-52.2728 136.51801 -159.896
9.6073503 43.6521 -122.198
10.505362 33.26685 -175.93921
-29.852289 65.960701 -138.3871
10.5554 22.0109 -160.02299
10.369606 35.263294 -187.5618
13.329473 36.679882 -194.36256
15.2563 36.222801 -202.37601
34.161404 44.974163 -194.55525
-7.8592062 47.302944 -198.01462
26.832644 42.673237 -166.4635
-6.3605895 44.752373 -169.04117
52.540035 61.694168 -135.57927
-8.3750553 59.533852 -135.72119
48.743198 55.172699 -107.487
-28.969801 59.251202 -110.249
60.961102 66.8703 -117.638
-43.000401 78.886101 -124.524
40.680698 49.813599 -117.785
-22.783501 55.664398 -122.173
15.7988 41.3582 -207.32401
75.682098 96.057899 -152.877
-50.674934 102.83009 -154.41075
69.921501 112.04 -198.06
-38.536201 119.464 -203.69299
