8.9374199 37.723 -173.82899
10.7384 50.047501 -118.864
82.7668 130.37399 -160.996
-51.420601 138.786 -161.11301
10.7436 50.940102 -108.321
10.9236 22.893499 -157.14
9.72437 37.3041 -182.002
10.0334 42.0056 -196.355
10.5975 41.117901 -208.093
12.2904 48.351601 -214.854
12.734 54.3988 -241.409
-4.1305099 64.6717 -134.18401
-30.905399 73.471001 -137.94501
42.327 56.993401 -117.112
-52.728401 107.605 -160.905
11.6208 46.901798 -229.345
12.1986 48.326199 -235.881
29.486845 48.344051 -195.20827
24.449343 47.218468 -168.29828
-4.6771069 48.20034 -167.55247
26.99 64.182899 -134.259
52.749409 67.292664 -135.82516
-19.432699 59.251499 -121.015
64.3106 72.351402 -120.093
-42.4356 81.394096 -123.961
52.038898 62.354801 -109.016
-26.681999 62.846802 -110.997
78.525703 99.183098 -158.51601
69.737602 112.41 -202.45799
76.064301 124.183 -182.106
-47.5769 130.84801 -181.446
