10.8258 33.1586 -120.441
26.6467 34.716 -168.765
11.7661 34.200802 -130.459
10.8673 18.2971 -164.884
-4.4433298 43.654598 -169.339
26.077499 46.922798 -142.563
13.4476 33.5909 -178.92101
13.3314 34.8232 -186.347
14.9029 36.742199 -194.957
11.999753 37.928207 -201.18724
35.360435 45.769341 -193.82182
-9.8012056 48.795017 -192.12274
54.465401 54.228199 -143.067
-3.5234201 50.401798 -141.52299
-27.8048 61.470901 -143.12199
40.0644 38.330399 -128.944
-16.3934 45.785 -130.64
47.768002 42.6651 -119.442
-22.790501 47.541401 -118.801
59.3353 54.8904 -127.77
-36.708801 68.466202 -127.83
