8.3842602 36.789902 -126.108
7.93399 36.248901 -115.736
9.7408104 19.4718 -163.02
9.8012505 34.7715 -177.44701
9.7571001 36.053101 -185.077
11.5656 39.722599 -193.623
12.0086 40.4772 -205.267
13.3301 44.673599 -209.799
32.123962 48.097641 -192.37624
25.6029 35.598301 -166.94
57.643398 58.666698 -120.103
46.191601 48.1325 -112.654
13.7583 45.8554 -223.98599
13.8804 49.9758 -231.13901
46.290379 53.115925 -141.63785
15.87 56.0569 -236.66701
-7.43501 44.141899 -167.929
25.061501 48.810101 -137.25999
37.681599 43.266201 -122.574
