80.653999 125.778 -150.797
8.5979099 45.085701 -113.463
8.4776201 45.987999 -102.568
9.0194902 16.7582 -152.403
6.6988292 30.593988 -165.3708
8.1290102 30.739201 -175.745
10.4782 34.255299 -205.608
9.6019802 35.429501 -193.689
10.6381 42.377499 -212.19299
6.8313894 42.198612 -227.43979
6.0731945 44.855984 -234.42026
7.3049421 54.433994 -241.06628
26.750877 41.522636 -191.57954
22.112782 42.734505 -163.74756
-5.6002588 43.733974 -162.05191
25.092899 58.441101 -128.493
48.896973 61.84687 -129.09418
-6.8600602 60.037498 -128.819
-32.492802 69.545403 -133.252
39.5308 51.3787 -111.83
-22.1276 54.204102 -116.622
61.401402 67.143501 -114.512
-43.779598 76.913696 -118.449
48.738201 56.768101 -103.663
76.242699 93.616699 -151.241
68.900597 109.002 -195.04401
75.269897 119.222 -172.14101
-28.4083 57.644299 -106.678
