89.001297 119.345 -143.842
83.613998 116.758 -167.019
-36.901798 144.979 -150.71001
-31.828199 140.89 -172.67999
-26.364401 130.73199 -196.38499
78.249901 107.829 -191.55
47.558899 45.7724 -100.201
-30.6854 58.438202 -106.552
62.122101 55.652699 -110.441
-41.3507 81.944603 -117.928
-5.2759099 59.324799 -131.10699
22.596575 52.080627 -131.13824
37.765099 42.707199 -109.776
-22.337099 56.994499 -116.875
-29.624001 72.542999 -133.10899
52.772888 55.853344 -128.48703
4.8120999 40.1782 -105.861
5.69029 40.842899 -117.576
5.1641598 16.1812 -160.239
-5.4616671 47.912479 -170.74663
23.314508 42.423462 -169.51637
33.775852 49.098133 -195.93588
-8.6165638 56.93045 -197.54984
10.2997 39.6063 -195.366
7.2714601 32.7397 -176.07899
9.0018902 35.321201 -185.235
12.6237 38.374199 -206.72
16.231501 50.552898 -234.67101
