7.8633099 45.020302 -110.651
8.1792202 39.9627 -226.92
8.8642702 44.558998 -231.674
8.4266005 38.518002 -219.431
21.486401 50.6297 -134.509
8.7069101 45.3437 -121.488
9.08986 38.321701 -173.48199
-32.1329 69.512001 -135.371
10.4705 24.85 -156.96899
9.4478302 37.842999 -181.36099
10.3841 35.3829 -189.21201
9.9570398 33.258701 -198.642
-19.522301 50.817699 -192.332
-9.15205 49.326801 -163.95799
-7.47019 58.186699 -133.702
-25.6639 60.269501 -110.215
-42.6623 77.433899 -120.862
34.440601 45.188599 -122.33
-20.5123 56.0131 -121.181
10.0523 39.221802 -205.06
