80.3442 124.123 -152.511
8.6203499 42.263302 -117.097
8.8091602 42.388599 -106.611
6.1531 34.697201 -180.71001
26.087387 47.448536 -192.08202
48.302044 60.227692 -133.82053
49.577801 53.2085 -107.476
-29.0882 53.764999 -109.014
-45.232601 119.17 -192.89101
-54.778713 127.53554 -150.54663
6.5121999 35.511002 -172.407
8.21175 41.228802 -193.883
8.9055595 47.431198 -211.573
8.05299 47.702599 -227.953
8.5406103 50.979099 -235.425
22.204041 44.19474 -165.98181
-7.9313369 45.487713 -166.07738
-6.5260501 57.878399 -130.64301
-30.883497 65.873962 -134.30743
-45.157799 72.998497 -118.969
40.545601 48.790798 -116.555
-22.9112 51.350101 -119.221
-57.174 104.088 -154.578
66.188797 111.015 -196.09801
-50.992802 126.817 -170.843
8.7690296 40.787201 -206.32401
8.8951502 56.086399 -238.326
62.217999 64.292999 -118.469
8.0404301 17.8743 -159.12199
22.312954 56.033241 -132.20097
76.360199 93.516701 -154.94299
72.681198 120.068 -175.27699
