10.6951 37.2337 -174.411
7.2646999 42.102299 -122.538
5.23348 41.783501 -111.234
8.4255199 26.641199 -160.71001
11.6278 37.766998 -180.71001
13.4265 38.256302 -189.289
15.2104 38.669498 -197.423
15.8216 40.299599 -202.729
17.946699 46.708599 -227.565
-8.6293697 56.560902 -135.948
-33.914799 68.903603 -137.55299
36.409801 41.051498 -117.932
16.6022 38.817101 -216.392
17.4263 41.005699 -223.467
-15.0462 57.616199 -191.644
24.8971 37.7071 -163.45399
-10.3267 50.874199 -163.84599
23.748199 50.055698 -135.89
-23.8367 55.036598 -122.149
-45.765701 75.505699 -123.231
44.7878 43.383801 -108.495
-30.6677 58.108799 -110.923
