7.7679601 26.046301 -160.15601
9.0910578 35.489727 -184.48793
11.7604 40.178299 -204.192
6.82862 44.817902 -123.361
11.1086 36.697701 -190.05701
9.92593 35.491798 -173.98801
6.0160398 44.100899 -111.828
10.9491 36.587399 -198.744
11.0728 40.581001 -223.27499
11.5512 38.810799 -216.554
11.6457 44.708801 -227.52299
-11.661286 50.941826 -194.9368
23.798 37.318001 -163.007
-7.4154301 49.574299 -164.388
20.293501 49.960701 -136.927
-6.3060899 57.646999 -136.511
-29.312401 70.4021 -137.241
32.457001 43.007301 -120.781
-19.434401 57.818802 -121.474
-39.757401 79.191803 -123.149
39.3974 45.725201 -112.055
-25.6625 61.549301 -110.145
