22.151014 41.78194 -165.233
9.0162497 44.313 -208.04201
49.281151 52.434841 -131.17764
25.5233 51.818699 -131.64799
86.085197 114.151 -145.04401
-5.08705 55.641998 -130.627
7.7770901 37.9753 -118.501
6.8333602 35.678398 -173.556
-31.3319 68.2528 -134.338
6.1032801 16.8543 -161.07401
39.641102 41.227901 -116.338
49.133598 44.257301 -108.022
-28.179899 52.195499 -110.397
-41.503399 73.543198 -119
79.756599 85.955597 -148.87399
-6.3157072 45.065113 -166.49756
9.6838598 44.3955 -196.548
79.503403 112.953 -168.30701
-21.186199 49.789501 -120.366
62.1637 54.788601 -116.363
28.819839 49.285946 -192.47221
7.6206999 37.295799 -107.82
