8.8722897 44.719398 -106.006
11.115 31.4314 -157.43401
10.5382 45.3899 -116.843
10.8839 39.479801 -172.687
11.9965 39.563 -181.672
14.186 40.650002 -193.901
14.797 40.7341 -204.2
15.5725 42.564602 -223.548
32.680489 43.990765 -195.00015
-14.2792 51.7976 -197.25301
24.961 51.248001 -130.444
-41.834599 70.507698 -119.054
49.695202 49.609402 -105.679
-20.082701 53.2985 -118.086
15.8107 43.549 -209.793
15.7308 44.009102 -230.34599
16.5179 47.557999 -234.638
-9.3052397 48.852501 -161.605
25.8734 40.873699 -161.02901
48.927006 53.115601 -129.50095
-5.9946799 55.914101 -130.11501
-31.1665 63.8153 -133.41299
60.317001 58.027401 -115.247
-26.8398 55.9674 -106.775
40.689899 46.1698 -114.819
