14.7489 41.286301 -216.347
16.7668 48.6101 -228.323
8.6026297 41.907902 -107.282
9.2989597 43.157799 -118.203
10.7427 37.726799 -178.258
12.6698 37.161999 -186.974
13.0779 37.115101 -195.40199
33.611416 44.611122 -186.70192
10.8312 36.7052 -171.492
8.3071299 25.8139 -156.65401
25.596901 38.396 -160.33299
-9.0813799 44.124901 -159.297
26.7414 52.526501 -131.228
51.742065 57.821686 -130.12476
-4.3685598 53.065399 -132.049
-26.9196 59.530399 -134.933
49.695099 53.112202 -105.341
-24.603701 49.2309 -108.199
62.974899 61.950802 -114.959
40.4231 48.868801 -114.749
-18.4216 47.071999 -119.075
13.5397 41.904499 -201.63699
15.0912 44.024899 -223.894
