8.5993099 46.647701 -109.347
80.255997 129.638 -160.466
24.094753 44.729397 -167.12926
8.6610203 45.923698 -119.951
10.1066 19.4014 -158.10201
-6.1932702 45.4674 -166.702
25.6108 60.710098 -134.92
8.4506102 34.689999 -173.537
8.4889002 33.8069 -180.82401
9.3488398 37.997601 -195.394
8.9779997 38.381302 -207.255
29.372753 48.761276 -193.28598
55.5527 67.3554 -135.22
-5.0840926 59.486828 -136.23126
-32.1465 70.898201 -139.464
41.251801 54.304798 -114.588
-22.6973 55.906502 -121.506
51.045101 60.0172 -106.113
-29.3419 59.135799 -110.554
62.889999 69.688797 -117.757
-45.201 77.7117 -124.618
73.3246 122.62 -182.689
76.232201 96.782799 -157.14999
