9.9433603 42.846001 -120.485
10.0858 43.020401 -110.122
10.1558 35.020199 -174.78799
9.89851 23.0916 -157.73599
8.2717609 33.91544 -186.5155
9.2821798 35.862202 -191.638
9.6761904 37.520401 -198.15199
10.5711 40.967602 -203.40601
10.3752 40.727798 -217.655
11.4872 48.703899 -230.765
10.1093 43.489498 -225.474
31.784063 47.296261 -189.56761
-7.7189507 42.617096 -193.33084
24.620001 38.901001 -163.388
-7.6581898 45.857601 -161.76601
25.341499 54.484901 -135.14799
48.078217 59.973518 -137.54132
-4.8689299 55.151299 -134.744
-29.1471 63.665001 -135.85001
40.354301 49.775398 -118.427
-18.3349 50.5811 -120.226
59.164902 66.472298 -118.967
-38.571602 70.361603 -120.281
48.8386 56.188301 -109.58
-24.1189 53.352901 -108.529
