13.1447 44.1833 -226.571
14.2731 52.740101 -239.92999
10.1191 42.421299 -104.599
81.707199 125.231 -150.845
10.3568 42.1875 -115.49
8.7535782 33.03548 -180.78603
12.4016 39.5937 -194.26801
11.8985 38.720001 -205.783
31.583477 45.921825 -189.25459
8.9021578 31.713234 -167.95065
10.305824 18.344381 -151.89842
24.658237 41.710068 -163.4931
-3.8523977 40.955044 -165.15985
24.730175 56.441925 -129.32607
52.561516 62.058952 -131.52861
-5.7171102 58.285599 -130.451
-31.3388 67.506401 -134.15601
51.089802 53.8965 -105.808
-27.008301 53.830002 -107.967
-43.181198 73.661301 -119.793
63.348701 64.819901 -115.368
78.116898 95.129501 -152.172
75.221298 120.524 -174.10899
41.709301 48.913399 -113.373
-20.152399 51.912998 -119.013
13.8168 43.808201 -211.535
13.8419 46.1763 -234.838
69.086601 110.303 -194.35001
